:7.200099 82.969089
12668
13564
13564
13564
13564
14028
14028
14028
14028
14029
14029
14029
14029
14028
14028
14028
14028
14028
14028
14028
14028
14028
14028
14028
14028
:12.200949 82.969739
14028
14028
14029
14030
14033
14032
14034
14034
14034
14034
14034
14034
14033
14033
14033
14033
14033
14032
14032
14032
14032
14033
14033
14033
14033
:17.200945 82.969710
14033
14035
14036
14035
14037
14039
14040
14039
14040
14040
14040
14040
14040
14040
14040
14040
14039
14039
14039
14039
14039
14039
14039
14039
14039
:22.200910 82.969711
14040
14040
14041
14043
14043
14044
14044
09285
00781
00781
00781
00640
00640
00640
00640
01094
01094
01094
01094
01094
00635
00635
00635
00635
00666
:27.200906 82.969668
12672
14046
14046
14047
13494
14050
14049
14049
14049
14049
14050
14050
14050
14050
14050
14051
14051
14051
14051
14050
14050
14050
14050
14050
14050
:32.200878 82.969748
14051
14046
14052
14051
14053
14053
14054
14054
14054
14054
14054
14054
14054
14054
14053
14053
14053
14053
14053
14053
14053
14053
14054
14054
14054
:37.200863 82.969673
14053
14054
14055
14055
14055
14057
14057
14058
14058
14057
14057
14057
14057
14058
14058
14058
14058
14058
14058
14058
14058
14058
14057
14057
14057
:42.200946 82.969700
14060
14058
14057
14059
14058
13756
14060
14059
14061
14061
14061
14061
14059
14059
14059
14059
14059
14060
14060
14060
14060
14059
14059
14059
14059
:47.200997 82.969648
14060
14060
14061
14060
14060
14060
14061
14059
14059
14059
14059
14059
14059
14059
14059
14059
14059
14059
14059
14059
14058
14058
14058
14058
14059
:52.200906 82.969706
14060
14060
14059
14060
14060
14060
14061
14060
14060
14060
14060
14060
14060
14060
14060
14060
14060
14060
14060
14059
14059
14059
14059
14060
14060
:57.200935 82.969636
14061
14061
14061
14061
14061
14061
14060
14061
14061
14061
14060
14060
14060
14060
14062
14062
14062
14062
14062
14061
14061
14061
14061
14062
14062
:62.200965 82.969726
14061
14061
14061
14061
14060
14062
14061
14060
14060
14061
14061
14061
14061
14061
14060
14060
14060
14060
14061
14061
14061
14061
14060
14060
14060
:67.200938 82.969710
14060
14060
14061
14060
14060
14061
14061
14060
14061
14061
14061
14061
14061
14061
14061
14061
14061
14060
14060
14060
14060
14059
14059
14059
14059
:72.200996 82.969709
14060
14061
14060
14060
14061
14061
14060
14060
14061
14061
14061
14061
14059
14059
14059
14059
14060
14060
14060
14060
14060
14061
14061
14061
14061
:7.200305 73.968218
14059
14059
14061
14060
14059
14059
14057
14058
14059
14061
14061
14060
14060
14061
14060
14060
14060
14060
14060
14060
14060
14061
14061
14060
14059
:12.200955 73.969774
14061
14060
14060
14061
14061
14059
14061
14060
14060
14061
14062
14061
14060
14060
14060
14060
14060
14060
14060
14059
14060
14059
14060
14059
14059
:17.200953 73.969756
14057
14057
14058
14055
14058
14056
14057
14056
14055
14055
14054
14053
14053
14052
14051
14051
14048
14049
14049
14047
14048
14047
14046
13741
14045
:22.200911 73.969707
14042
14043
14042
14040
14040
14039
14038
14036
14036
14036
14034
13751
14032
14030
14030
14028
14028
14029
14030
14032
14031
14032
14034
14031
14034
:27.200909 73.969743
14035
14037
14037
14037
14038
14037
14037
14038
14038
14039
14039
14040
14038
14043
14044
14050
14050
14050
14050
14049
14049
14045
14046
14045
14046
:32.200864 73.969744
14048
14050
14047
14046
14046
14046
14046
14047
14048
14051
14051
14052
14053
14054
14055
14055
14055
14055
14056
14055
13772
14055
14053
14057
14057
:37.200868 73.969685
14059
14061
14059
14060
14059
14059
14060
14060
14059
14060
14060
14061
14062
14061
14061
14061
14061
14061
14060
14060
14062
14063
13804
14063
14063
:42.200942 73.969702
14064
14064
14065
14065
14065
14064
14063
14064
14064
14064
14065
14065
14064
14065
14065
14066
14066
14065
14065
14065
14065
14065
14065
14065
14065
:47.201005 73.969713
14066
14066
14065
14064
14064
14064
14065
14066
14064
14064
14064
14065
14065
14065
14065
14065
14065
14065
14065
14065
14065
14065
14065
14065
14065
:52.200912 73.969743
14065
14065
14065
14065
14064
14065
14066
14069
14069
14069
14069
14069
14069
14069
14069
14069
14069
14069
14069
14069
14069
14069
14068
14068
14068
:57.200929 73.969696
14068
14064
14064
14064
14063
14064
14063
14064
14064
14064
14064
14064
14064
14065
14065
14065
14065
14065
14065
14065
14065
14065
14066
14066
14066
:62.200959 73.969676
14065
14063
14063
14064
14063
14064
14062
14062
14064
14064
14064
14064
14064
14063
14063
14063
14063
14063
14063
14063
14063
14064
14064
14064
14064
:67.200934 73.969729
14063
14061
14062
14062
14061
14061
14062
14062
14061
14061
14061
14061
14062
14062
14062
14062
14062
14062
14062
14062
14062
14061
14061
14061
14061
:72.200995 73.969703
14062
14061
13775
14062
14062
14061
14058
14061
14061
14061
14061
14061
14061
14061
14061
14060
14060
14060
14060
14060
14062
14062
14062
14062
14061
:7.200322 64.967923
14062
14061
14060
14061
14061
14060
14061
14061
14061
14061
14061
14061
14060
14061
14060
14060
14062
14062
14063
14062
14063
14063
14062
14063
14063
:12.200947 64.969629
14063
14062
14064
14063
14063
14063
14063
14064
14063
14065
14064
14065
14065
14066
14065
14065
14063
14064
14065
13806
14065
14065
14065
14065
14065
:17.200944 64.969664
14065
14066
14066
14065
14064
14064
14064
14063
14062
14062
14061
14062
14060
14060
14060
14060
14059
14059
14058
14058
14053
14056
14051
14054
14053
:22.200916 64.969717
14053
14050
14050
14050
14049
14049
14047
14045
14045
14044
14043
14041
14039
14040
14040
14037
14037
14037
14039
14039
14039
14040
14040
14040
14040
:27.200919 64.969677
14040
14040
14041
14041
14041
14041
14041
14042
14042
14044
14044
14045
14047
14048
14050
14050
14049
14050
14049
14050
14049
14050
14051
14052
14052
:32.200867 64.969629
14053
14054
14055
14053
14055
14055
14053
14053
14054
14055
14058
14058
14059
14059
14063
14061
14060
14061
14061
14061
14059
14060
14061
14060
14062
:37.200862 64.969671
14063
14069
14069
14070
14069
14069
14069
14064
14063
14064
14065
14065
14065
14065
14065
14065
14066
14065
14065
14065
14065
14065
14065
14066
14067
:42.200934 64.969661
14065
14065
14066
14065
14066
14067
14066
14066
14067
14067
14066
14064
14062
14067
14066
14066
14065
14065
14065
14065
14066
14066
14066
14066
14066
:47.201005 64.969620
14065
14063
14065
14066
14067
14065
14065
14059
14057
14057
14057
14057
14057
14057
14057
14058
14058
14058
14058
14058
14058
14058
14058
14058
14056
:52.200914 64.969610
14061
14066
14066
14064
14066
14065
14065
14064
14064
14064
14064
14064
14064
14064
14065
14065
14065
14065
14065
14065
14065
14065
14065
14064
14064
:57.200929 64.969574
14066
14065
14066
14064
14066
14061
14065
14065
14065
14065
14065
14065
14065
14065
14064
14064
14064
14064
14064
14064
14064
14064
14065
14065
14065
:62.200959 64.969548
14064
14064
14064
14063
14063
13798
14062
14063
14062
14062
14062
14062
14062
14062
14062
14062
14062
14063
14063
14063
14063
14063
14063
14063
14063
:67.200940 64.969616
14063
14061
14063
14062
14063
14062
14062
14062
14061
14061
14061
14061
14061
14061
14061
14061
14061
14061
14061
14061
14062
14062
14062
14062
14061
:72.200999 64.969657
14062
14062
14062
14061
14062
14062
14061
14062
14062
14062
14062
14063
14063
14063
14063
14062
14062
14062
14062
14062
14062
14062
14062
14062
14062
:7.200312 55.968032
14061
14061
14062
14061
14062
14061
14060
14060
14060
14062
14061
14061
14062
14061
14061
14061
14061
14061
14062
14061
14062
14063
14062
14063
14063
:12.200948 55.969745
14062
14062
14063
14064
14062
14064
14065
14065
14065
14064
14064
14065
14064
14064
14065
14065
14067
14064
14065
14063
14064
14066
14064
14059
14061
:17.200952 55.969756
14064
14066
14067
14066
14065
14066
14066
14065
14065
14065
14064
14063
14064
14063
14064
14062
14062
14062
14062
14061
14061
14060
14060
14058
14057
:22.200906 55.969765
14057
14055
14055
14054
14053
14053
14050
14051
14050
14047
14047
14046
14045
14044
14044
14041
14042
14041
14041
14041
14040
14040
14040
14039
14039
:27.200902 55.969728
14039
14036
14039
14038
14039
14038
14038
14038
14039
14041
14040
14041
14043
14045
14044
14045
14046
14046
14046
14046
14046
14045
14047
14047
14049
:32.200864 55.969770
14050
14051
14051
14051
14051
14051
14050
14051
14051
14053
14053
14054
14055
14056
14055
14054
14056
14055
14055
14055
14056
14056
14057
14058
14058
:37.200863 55.969664
14058
14059
14059
14059
14058
14059
14059
14060
14060
14060
14060
14061
14061
14061
14061
14062
14061
14061
14061
14062
14061
14062
14062
14063
14063
:42.200926 55.969679
14062
14062
14063
14062
14063
14063
14063
14062
14064
14063
14063
14064
14063
14063
14062
14064
14063
14063
14063
14063
14063
14063
14063
14063
14063
:47.201005 55.969750
14062
14064
14063
14061
14063
14063
14064
14062
14062
14062
14063
14063
14063
14063
14062
14062
14062
14062
14062
14064
14064
14064
14064
14063
14063
:52.200919 55.969760
14062
14063
14062
14063
14062
14063
14061
14062
14062
14063
14063
14063
14063
14063
14062
14062
14062
14062
14062
14062
14062
14062
14063
14063
14063
:57.200928 55.969731
14064
14063
14062
14063
14062
14062
14062
14062
14062
14062
14062
14062
14062
14061
14061
14061
14061
14063
14063
14063
14063
14062
14062
14062
14062
:62.200962 55.969724
14063
14062
14062
14061
14060
14062
14062
14061
14061
14061
14061
14061
14061
14061
14061
14061
14061
14059
14059
14059
14059
14061
14061
14061
14061
:67.200939 55.969667
14061
14060
14060
14060
14061
14060
14060
14062
14062
14062
14062
14062
14062
14062
14062
14062
14063
14063
14063
14063
14061
14061
14061
14061
14061
:72.201006 55.969704
14061
14059
14060
14060
14060
14061
14060
14060
14060
14060
14060
14060
14060
14060
14060
14060
14060
14060
14060
14061
14061
14061
14061
14061
14060
:7.200304 46.967992
14062
14060
14060
14060
14060
14061
14060
14059
14060
14060
14059
14060
14059
14061
14058
14059
14060
14059
14060
14061
14061
14060
14060
14060
14062
:12.200956 46.969682
14061
14060
14061
14061
14061
14062
14062
14062
14062
14062
14062
14061
14062
14062
14062
14062
14063
14061
14063
14059
14063
14064
14062
14064
14063
:17.200938 46.969656
14062
14063
14064
14063
14063
14063
14062
14061
14061
14062
14061
14061
14061
14060
14060
14059
14060
14060
14058
14058
14057
14057
14056
14055
14054
:22.200920 46.969616
14053
14054
14052
14051
14050
14050
14049
14048
14047
14045
14045
14042
14042
14041
14039
14038
14038
14038
14037
14037
14035
14036
14035
14035
14035
:27.200914 46.969675
14034
14035
14034
14035
14034
14035
14035
14035
14035
14037
14038
14039
14039
14042
08337
09883
09968
12264
11757
12404
13726
14042
14044
14044
14046
:32.200863 46.969631
14046
14046
14048
14047
14047
14048
14048
14047
14049
14049
14050
14050
14051
14052
14052
14052
14052
14051
14052
14053
14052
14053
14054
14054
14055
:37.200857 46.969654
14056
14056
14056
14055
14056
14054
14055
14056
14057
14058
14057
14058
14059
14058
14059
14058
14058
14059
14059
14059
14059
14059
14059
14060
14060
:42.200933 46.969618
14062
14061
14060
14061
14061
14062
14062
14062
14062
14062
14063
14063
14061
14061
14058
14060
14061
14061
14061
14060
14060
14060
14060
14059
14059
:47.200990 46.969610
14060
14062
14062
14062
14061
14061
14061
14062
14062
14063
14063
14063
14063
14063
14062
14062
14062
14062
14062
14062
14062
14062
14062
14062
14062
:52.200917 46.969612
14062
14061
14061
14062
14062
14061
14063
14062
14062
14062
14062
14062
14062
14062
14062
14062
14062
14062
14062
14062
14062
14062
14062
14062
14062
:57.200914 46.969611
14063
14062
14062
14063
14062
14061
14061
02430
00639
00639
00639
00639
00993
00993
00993
00993
00747
00747
00747
00747
00747
00742
00742
00742
00742
:62.200959 46.969644
00600
13710
14061
14062
14061
14061
14061
14063
14064
14064
14064
14064
14064
14064
14064
14063
14063
14063
14063
14063
14064
14064
14064
14064
14064
:67.200945 46.969608
14062
14061
14061
14062
14063
14063
14062
14063
14063
14063
14063
14062
14062
14062
14062
14062
14062
14062
14062
14062
14062
14062
14062
14061
14061
:72.200996 46.969649
14062
14062
14063
14062
14063
14062
14062
14063
14063
14063
14063
14063
14063
14063
14063
14063
14063
14063
14062
14062
14062
14062
14063
14063
14063
