:7.400092 82.838968
12675
13556
13556
13556
13556
14032
14032
14032
14032
14031
14031
14031
14031
14031
14031
14031
14031
14031
14031
14031
14031
14031
14032
14032
14032
:12.400961 82.839657
14032
14028
14025
14032
14033
14033
14036
14037
14038
14038
14038
14038
14037
14037
14037
14037
14037
14037
14037
14037
14038
14038
14038
14038
14038
:17.400947 82.839631
14036
14038
14038
14041
14042
14041
14043
14043
14043
14043
14043
14043
14043
14043
14043
14044
14044
14044
14044
14044
14044
14044
14044
14044
14044
:22.400907 82.839664
14045
14044
14045
14046
14047
14047
14050
14053
14053
14050
14050
14050
14050
14050
14051
14051
14051
14051
14052
14052
14052
14052
14051
14051
14051
:27.400912 82.839626
14052
14048
14051
14050
14051
14052
14053
14053
14053
14054
14054
14054
14054
14053
14053
14053
14053
14053
14053
14053
14053
14053
14053
14053
14053
:32.400854 82.839608
14054
14054
14054
14054
14054
14056
14056
14056
14057
14057
14057
14057
14056
14056
14056
14056
14057
14057
14057
14057
14057
14057
14057
14057
14057
:37.400884 82.839639
14057
14057
14057
14058
14059
14060
14061
14064
14064
14064
14064
14064
14064
14064
14064
14064
14064
14064
14064
14064
14065
14065
14065
14065
14065
:42.400920 82.839605
14062
14060
14060
14061
14062
13745
14063
14061
14061
14061
14061
14062
14062
14062
14062
14063
14063
14063
14063
14063
14063
14063
14063
14063
14063
:47.401006 82.839651
14063
14062
14064
14063
14063
14063
14063
14062
14062
14062
14063
14063
14063
14063
14064
14064
14064
14064
14062
14062
14062
14062
14062
14063
14063
:52.400905 82.839676
14063
14063
14063
14063
14063
14063
14064
14066
14066
14066
14066
14066
14066
14066
14066
14066
14066
14066
14066
14066
14066
14066
14067
14067
14067
:57.400943 82.839581
14065
14064
14064
14064
14065
14063
14065
14065
14065
14063
14063
14063
14063
14064
14064
14064
14064
14064
14064
14064
14064
14064
14063
14063
14063
:62.400959 82.839655
14063
14062
14064
14064
14063
14064
14065
14064
14064
14064
14064
14064
14065
14065
14065
14065
14064
14064
14064
14064
14063
14063
14063
14063
14063
:67.400950 82.839643
14064
14064
14064
14062
14065
14064
14063
14064
14064
14064
14064
14064
14064
14064
14064
14063
14063
14063
14063
14063
14063
14063
14063
14063
14063
:72.400991 82.839600
14064
14064
14064
14064
14065
14063
14063
14063
14063
14063
14063
14063
14063
14063
14063
14063
14063
14063
14063
14063
14063
14063
14063
14063
14063
:7.400284 73.838140
14063
14062
14062
14063
14063
14062
14059
14062
14063
14063
14063
14063
14063
14064
14063
14062
14063
14064
14063
14063
14063
14064
13777
14064
14063
:12.400944 73.839628
14064
14063
14062
14063
14064
14065
14063
14064
14064
14064
14064
14063
14064
14062
14064
14063
14062
14063
14062
14063
14063
14062
14063
14062
14061
:17.400956 73.839650
14063
14062
14060
14061
14059
14062
14059
14058
14058
14057
14057
14056
14056
14055
14055
14054
14054
14053
14052
14052
14050
14050
14049
14045
14048
:22.400914 73.839640
14045
14046
14043
14044
14042
14041
14040
14040
14039
14038
14035
14032
14033
14030
13722
14033
14032
14033
14033
14035
14036
14036
14035
14039
14040
:27.400926 73.839686
14040
14041
14040
14041
14040
14041
14041
14041
14041
14042
14043
14043
14046
14047
14048
14048
14048
14049
14049
14050
14048
14049
14050
14052
14051
:32.400857 73.839685
14053
14053
14054
14053
14054
14054
14054
14052
14054
14055
14055
14057
14058
14058
14059
14059
14059
14059
14059
14059
13786
14059
14056
13802
14061
:37.400874 73.839658
14062
14063
14063
14063
14064
14062
14064
14062
14064
14064
14064
14065
14066
14065
14064
14063
14065
14065
14064
14065
14066
14066
14066
14067
14068
:42.400943 73.839665
14068
14068
14068
14067
14068
14068
14068
14068
14069
14068
14069
14068
14068
14068
14069
14069
14069
14069
14069
14069
14069
14069
14069
14069
14068
:47.401012 73.839657
14069
14069
14067
14068
14069
14068
14068
14068
14068
14068
14067
14067
14067
14067
14069
14069
14069
14069
14068
14068
14068
14068
14068
14067
14067
:52.400915 73.839630
14068
14067
14069
14068
14068
14068
14068
14068
14068
14067
14067
14067
14067
14069
14069
14069
14069
14068
14068
14068
14068
14068
14069
14069
14069
:57.400950 73.839694
14067
14069
14068
14067
14068
14069
14067
14068
14067
14067
14067
14067
14066
14066
14066
14066
14067
14067
14067
14067
14067
14068
14068
14068
14068
:62.400967 73.839677
14067
14067
14067
14066
14066
14065
14067
14067
14066
14066
14066
14066
14066
14066
14066
14066
14067
14067
14067
14067
14065
14065
14065
14065
14066
:67.400948 73.839624
14066
14065
14065
14066
14064
14066
14065
14066
14066
14066
14066
14065
14065
14065
14065
14065
14065
14065
14065
14065
14065
14065
14065
14065
14066
:72.400992 73.839563
14064
14066
14063
14064
14065
14065
14064
14064
14064
14064
14064
14064
14064
14064
14064
14064
14064
14064
14064
14064
14064
14064
14064
14064
14064
:7.400300 64.837775
14064
14065
14064
14064
14064
14063
14063
14063
14064
14064
14065
14063
14063
14064
14065
14064
14065
14064
14065
14065
14066
14065
14065
14065
14065
:12.400977 64.839677
14066
14065
14066
14067
14067
14066
14067
14067
14068
13795
14068
14068
14068
14067
14067
14069
14067
14068
14067
14067
14068
14069
14068
14068
14069
:17.400963 64.839599
14068
14069
14067
14068
14068
14067
14067
14066
14066
14066
14066
14065
14065
14064
14065
14062
14063
14059
14059
14058
14053
14058
14058
14059
14058
:22.400904 64.839610
14054
14054
14055
14053
14051
14050
14049
14049
14047
14046
14044
14044
14044
14042
14041
14040
14039
14038
14041
14042
14041
14042
14044
14043
14045
:27.400912 64.839622
14044
14044
14045
14045
14045
14044
14044
14044
14045
14045
14047
14047
14048
14050
14051
14050
14049
14048
14045
14044
14046
14047
14051
14052
14053
:32.400854 64.839685
14056
14058
14060
14059
14059
14058
14058
14058
14058
14059
14061
14061
14062
14062
14062
14063
14063
14062
14062
14062
14062
14064
14064
14065
14065
:37.400876 64.839598
14066
14067
14066
14066
14067
14067
14066
14067
14066
14067
14067
14068
14068
14068
14068
14068
14068
14068
14068
14068
14068
14069
14068
14069
14069
:42.400927 64.839607
14070
14069
14069
14070
14069
14069
14070
14069
14070
14069
14069
14068
14064
14071
14071
14072
14072
14072
14072
14072
14072
14072
14072
14072
14072
:47.400991 64.839631
14071
14067
14070
14070
14069
14069
13566
01602
01602
01602
02595
02595
02595
02595
01092
01092
01092
01092
03372
03372
03372
03372
03372
05580
05580
:52.400910 64.839611
12825
14069
14069
14068
14068
14069
14068
14068
14068
14069
14069
14069
14069
14067
14067
14067
14067
14067
14069
14069
14069
14069
14069
14069
14069
:57.400925 64.839664
14068
14068
14069
14068
14068
14068
14067
14067
14069
14069
14069
14069
14069
14067
14067
14067
14067
14068
14068
14068
14068
14068
14068
14068
14068
:62.400948 64.839586
14068
14067
14066
14067
14066
14066
14067
14066
14066
14066
14066
14066
14065
14065
14065
14065
14065
14066
14066
14066
14066
14066
14066
14066
14066
:67.400809 64.840165
14065
14065
14065
14065
14065
14064
14064
14063
14064
14064
14064
14064
14063
14063
14063
14063
14066
14066
14066
14066
14064
14064
14064
14064
14064
:72.400996 64.839633
14065
14065
14065
14065
14065
14064
14064
14065
14064
14064
14064
14066
14066
14066
14066
14065
14065
14065
14065
14065
14065
14065
14065
14065
14065
:7.400303 55.837916
14065
14065
14063
14063
14063
14063
14063
14064
14063
14063
14064
14064
14065
14064
14065
14064
14064
14066
14065
14066
14064
14066
14067
14065
14066
:12.400942 55.839629
14064
14066
14066
14066
14066
14067
14067
14067
14067
14068
14068
13805
14068
14068
14068
14068
14069
13787
14068
14069
14069
14069
14067
14066
14064
:17.400944 55.839625
14070
14069
14070
14069
14069
14069
14069
14069
14068
14068
14068
14067
14068
14067
14068
14066
14065
14065
14066
14064
14063
14063
14062
14062
14062
:22.400908 55.839654
14060
14059
14058
14057
14056
14056
14054
14054
14051
14051
14050
14050
14048
14048
14045
14044
14045
14045
14045
14043
14044
14044
14043
14042
14041
:27.400911 55.839659
14041
14042
14041
14041
14043
14040
14041
14041
14042
14043
14045
14045
14047
14048
14048
14048
14048
14049
14048
14048
14048
14049
14051
14052
14052
:32.400852 55.839682
14054
14055
14055
14055
14054
14054
14055
14055
14056
14056
14057
13742
14059
14059
14060
14059
14060
14059
14059
14060
14059
14061
14062
14060
14062
:37.400868 55.839636
14063
14063
14063
14063
14064
14063
14063
14063
14063
14063
14064
14065
14064
14064
14065
14065
14065
14065
14065
14065
14065
14065
14065
14066
14067
:42.400935 55.839650
14066
14067
14066
14066
14066
14066
14067
14066
14066
14067
14067
14066
14066
14067
14066
14066
14066
14066
14066
14066
14066
14066
14066
14066
14066
:47.401004 55.839698
14066
14067
14066
14066
14066
14062
14065
14066
14065
14065
14065
14065
14065
14065
14065
14065
14065
14065
14065
14065
14066
14066
14066
14066
14065
:52.400901 55.839633
14065
14065
14066
14065
14066
14065
14065
14066
14066
14066
14066
14067
14067
14067
14067
14066
14066
14066
14066
14066
14067
14067
14067
14067
14065
:57.400930 55.839614
14064
14065
14065
14065
14066
14065
14065
14065
14065
14065
14065
14065
14065
14065
14065
14066
14066
14066
14066
14065
14065
14065
14065
14064
14064
:62.400945 55.839577
14065
14064
14065
14065
14064
14065
14064
14064
14064
14064
14064
14064
14064
14064
14064
14064
14064
14064
14064
14064
14064
14064
14064
14064
14064
:67.400953 55.839621
14064
14064
14062
14064
14063
14064
14064
14069
14068
14068
14068
14068
14068
14068
14068
14068
14068
14068
14068
14068
14068
14068
14068
14068
14068
:72.400977 55.839636
14068
14063
14064
14063
14062
14063
14063
14055
14056
14056
14056
14056
14056
14056
14056
14056
14054
14054
14054
14054
14056
14056
14056
14056
14056
:7.400306 46.837893
14056
14061
14062
14063
14063
14063
14062
14062
14063
14063
14062
14064
14061
14063
14063
14063
14062
14062
14063
14063
14063
14063
14064
14061
14063
:12.400940 46.839624
14064
14064
14065
14064
14064
14064
14065
14064
14064
14065
14065
14064
14063
14065
14065
14066
14065
14064
14064
14065
14061
14066
14065
14065
14066
:17.400944 46.839663
14067
14066
14067
14065
14066
14066
14066
14066
14065
14065
14065
14064
14064
14064
14064
14063
14063
14062
14062
14060
14061
14061
14059
14060
14057
:22.400906 46.839648
14055
14056
14055
14055
14055
14053
14050
14052
14050
14050
14049
14047
14047
14046
14043
14042
14041
14041
14041
14039
14039
14039
14039
14040
14039
:27.400910 46.839677
14038
14036
14038
14038
14038
14039
14038
14037
14038
14039
14040
14041
14044
14044
14045
14044
14045
14045
14045
14046
14046
14045
14045
14047
14048
:32.400854 46.839656
14049
14050
14052
14050
14051
14050
14051
14051
14051
14051
14053
14052
14054
14055
14055
14055
14055
14055
14053
14054
14054
14056
14056
14058
14058
:37.400873 46.839625
14058
14061
14060
14059
14059
14060
14060
14060
14060
14060
14060
14060
14062
14062
14062
14063
14062
14062
14062
14062
14062
14063
14063
14063
14064
:42.400927 46.839661
14064
14064
14064
14063
14063
14064
14064
14064
14066
14065
14066
14065
14062
14065
14065
14063
14062
14062
14062
14063
14063
14063
14063
14063
14063
:47.400987 46.839638
14064
14066
14065
14066
14065
14065
14063
14063
14063
14064
14064
14064
14064
14063
14063
14063
14063
14063
14063
14063
14063
14063
14064
14064
14064
:52.400905 46.839611
14063
14066
14065
14064
14064
14064
14064
14066
14065
14065
14065
14065
14066
14066
14066
14066
14066
14066
14066
14066
14066
14065
14065
14065
14065
:57.400933 46.839580
14066
14066
14065
14064
14065
14064
14064
14063
14062
14062
14062
14062
14063
14063
14063
14063
14063
14063
14063
14063
14062
14062
14062
14062
14062
:62.400927 46.839606
14062
14064
14066
14065
14064
14064
14064
14064
14062
14062
14062
14061
14061
14061
14061
14063
14063
14063
14063
14063
14063
14063
14063
14062
14062
:67.400934 46.839633
14063
14065
14065
14065
14066
14064
14065
14059
14059
14059
14057
14057
14057
14057
14057
14057
14057
14057
14057
14057
14057
14057
14057
14058
14058
:72.400976 46.839636
14062
14064
14065
14066
14065
14064
14065
14065
14065
14066
14066
14066
14066
14065
14065
14065
14065
14065
14065
14065
14065
14065
14065
14065
14065
